001001001000000000000000000000000000000000000000000000000
000001001000001100010000000100000000001000000000000000001
000001110110000000001000000110110000000001000000000000000
000001100010000000001000000110110000000001000000000000000
001101010000000000000000000000000000000000000000000000000
000001001000001100010000000100000100001000000000000000001
000001100110000000001000000110110000010001000001000000000
000001011110000000001000000110110000010001000001000000000
000011000010001000010000101000001100000000000000000011100
000001001000001100010000000100001000001000000000000000001
000010011000000000000000000000000000000001000000100000000
000010011000000000000000000000000000000001000000100000000
000001001000000010000010000110000000000000000000000000000
000001001000001100000100000100000000001000000000000000001
000001001000001000001000000001010000010000000000000000000
000001110010000000001000000000000000010000000000000000000
000101000000000000000000000000000011100000000000000000000
000101000100000000000000000000000011000000000000000000000
010011011010000011000000000000000000000100001100000000000
010011011010000011000000000000000000000100001100000000000
000001001000001011000010010110000000000000000000000000000
000001001000001011000010010001100000010000000000000000000
000001001000000010000010000001000000010000000000000000000
000001000001000000010000000000001100100000000000000000000
000001000101000000010000000000001100000000000000000000000
000101100101000000000000000000000010100000000000000000000
000000000000000000000000000000000000000000000000000000000
000001001000001100100000000000000000101000000000000000001
000101110001001001000000010000000010100000000000000000000
000101110101000000000000000000000010000000000000000000000
000001001000000010100001000000000000100000000000000000000
000001001000001100100000000000000000001000000000000000001
100000000000010000000000000000000000000000000000000000000
000110000101000000000000000000000010100000000000000000000
000000000000000000000000000000000000000000000000000000000
000010000000100000100000000000000000100000000000000000000
000000000000000000000000000000000000000000000000000000000
000110010101000000000000000000000010100000000000000000000
000011111000000000000000000000000000000010001010000000000
000001001000000010100001000000000000100000000000000000000
000110100000000000100000000000000011100000000000000000000
000000000000000000000000000000000000000000000000000000000
000010110010000100000000000000000000001000000000000100000
000000000000000000000000000000000000000000000000000000000
000110110001000000000000000000000010100000000000000000000
000011100001000001000000000000000000100000000000000000000
000001001000000010100001000000000000100000000000000000000
000010110110001000000000101000000000000000000000010000000
000111000001000000000000000000000010100000000000000000000
000000000000000000000000000000000000000000000000000000000
010110010110001100010000101000001100001000000000000011110
000000000000000000000000000000000000000000000000000000000
000010100001000000000000000000000000100000000000001000000
000010010100001000000000101000000000000000100000000011000
000010000100000000000000000000000000000001000001000000000
000000000000000000000000000000000000000000000000000000000
000111100000000000100000000000000011100000000000000000000
000000000000000000000000000000000000000000000000000000000
000011010010001000000000101000000000000000000000010000000
000000000000000000000000000000000000000000000000000000000
010110010100000000000000000000000000000000000000000000000
000000000000000000000000000000000000000000000000000000000
010110111100000010000011000000000000000000000000000000000
000010111100001000000000101000000000000000010000000010100